([0.0, 0.0, 0.0, 0.0], 0.7116489101541404)
([0.0, 0.0, 0.0, 0.0], 0.7116489101541404)
([0.0, 0.0, 1.0, 0.0], 0.7118534539820587)
([0.0, 0.0, 1.0, 0.0], 0.7118534539820587)
([0.0, 0.0, 0.0, 0.0], 0.7116489101541404)
([0.0, 0.0, 0.0, 0.0], 0.7116489101541404)
([0.0, 0.0, 0.0, 0.0], 0.7116489101541404)
([0.0, 0.0, 0.0, 0.0], 0.7116489101541404)
([0.0, 0.0, 0.0, 0.0], 0.7116489101541404)
([0.0, 0.0, 0.0, 0.0], 0.7116489101541404)
([0.0, 0.0, 0.0, 0.0], 0.7116489101541404)
([0.0, 0.0, 0.0, 0.0], 0.7116489101541404)
([0.0, 0.0, 0.0, 0.0], 0.7116489101541404)
([0.0, 0.0, 4.0, 0.0], 0.7118693242339257)
([0.0, 0.0, 1.0, 0.0], 0.7118534539820587)
([0.0, 0.0, 0.0, 0.0], 0.7116489101541404)
([0.0, 0.0, 0.0, 0.0], 0.7116489101541404)
([0.0, 0.0, 0.0, 0.0], 0.7116489101541404)
([0.0, 0.0, 0.0, 0.0], 0.7116489101541404)
([0.0, 0.0, 1.0, 0.0], 0.7118534539820587)
([0.0, 0.0, 0.0, 0.0], 0.7116489101541404)
([0.0, 0.0, 0.0, 0.0], 0.7116489101541404)
([0.0, 0.0, 0.0, 0.0], 0.7116489101541404)
([0.0, 0.0, 0.0, 0.0], 0.7116489101541404)
([0.0, 0.0, 0.0, 0.0], 0.7116489101541404)
([0.0, 0.0, 1.0, 0.0], 0.7118534539820587)
([0.0, 0.0, 0.0, 0.0], 0.7116489101541404)
([0.0, 0.0, 0.0, 0.0], 0.7116489101541404)
([0.0, 0.0, 0.0, 0.0], 0.7116489101541404)
([0.0, 0.0, 0.0, 0.0], 0.7116489101541404)
([0.0, 0.0, 0.0, 0.0], 0.7116489101541404)
([0.0, 0.0, 0.0, 0.0], 0.7116489101541404)
([0.0, 0.0, 0.0, 0.0], 0.7116489101541404)
([0.0, 0.0, 0.0, 0.0], 0.7018848337182814)
([0.0, 0.0, 0.0, 0.0], 0.7018848337182814)
([0.0, 0.0, 0.0, 0.0], 0.7018848337182814)
([0.0, 0.0, 0.0, 0.0], 0.7018848337182814)
([0.0, 0.0, 0.0, 0.0], 0.7018848337182814)
([0.0, 0.0, 0.0, 0.0], 0.7018848337182814)
([0.0, 0.0, 0.0, 0.0], 0.7018848337182814)
([0.0, 0.0, 0.0, 0.0], 0.7018848337182814)
([0.0, 0.0, 0.0, 0.0], 0.7018848337182814)
([0.0, 0.0, 0.0, 0.0], 0.7018848337182814)
([0.0, 0.0, 0.0, 0.0], 0.7018848337182814)
([0.0, 0.0, 0.0, 0.0], 0.7018848337182814)
([0.0, 0.0, 0.0, 0.0], 0.7018848337182814)
([0.0, 0.0, 0.0, 0.0], 0.7018848337182814)
([0.0, 0.0, 0.0, 0.0], 0.7018848337182814)
([0.0, 0.0, 0.0, 0.0], 0.7018848337182814)
([0.0, 0.0, 3.0, 0.0], 0.7164229724511418)
([0.0, 0.0, 0.0, 0.0], 0.7018848337182814)
([0.0, 0.0, 0.0, 0.0], 0.7018848337182814)
([0.0, 0.0, 0.0, 0.0], 0.7018848337182814)
([0.0, 0.0, 0.0, 0.0], 0.7018848337182814)
([0.0, 0.0, 0.0, 0.0], 0.7018848337182814)
([0.0, 0.0, 0.0, 0.0], 0.7018848337182814)
([0.0, 0.0, 0.0, 0.0], 0.7018848337182814)
([0.0, 0.0, 1.0, 0.0], 0.7020071637161732)
([0.0, 0.0, 0.0, 0.0], 0.7018848337182814)
([0.0, 0.0, 0.0, 0.0], 0.7018848337182814)
([0.0, 0.0, 0.0, 0.0], 0.7018848337182814)
([0.0, 0.0, 0.0, 0.0], 0.7018848337182814)
([0.0, 0.0, 1.0, 0.0], 0.7114223234890097)
([0.0, 0.0, 0.0, 0.0], 0.7112890218584305)
([0.0, 0.0, 1.0, 0.0], 0.7114223234890097)
([0.0, 0.0, 0.0, 0.0], 0.7112890218584305)
([0.0, 0.0, 0.0, 0.0], 0.7112890218584305)
([0.0, 0.0, 0.0, 0.0], 0.7112890218584305)
([0.0, 0.0, 0.0, 0.0], 0.7112890218584305)
([0.0, 0.0, 0.0, 0.0], 0.7112890218584305)
([0.0, 0.0, 0.0, 0.0], 0.7112890218584305)
([0.0, 0.0, 0.0, 0.0], 0.7112890218584305)
([0.0, 0.0, 0.0, 0.0], 0.7112890218584305)
([0.0, 0.0, 0.0, 0.0], 0.7112890218584305)
([0.0, 0.0, 0.0, 0.0], 0.7112890218584305)
([0.0, 0.0, 0.0, 0.0], 0.7112890218584305)
([0.0, 0.0, 0.0, 0.0], 0.7112890218584305)
([0.0, 0.0, 0.0, 0.0], 0.7112890218584305)
([0.0, 0.0, 0.0, 0.0], 0.7112890218584305)
([0.0, 0.0, 0.0, 0.0], 0.7112890218584305)
([0.0, 0.0, 0.0, 0.0], 0.7112890218584305)
([0.0, 0.0, 1.0, 0.0], 0.7114223234890097)
([0.0, 0.0, 0.0, 0.0], 0.7112890218584305)
([0.0, 0.0, 0.0, 0.0], 0.7112890218584305)
([0.0, 0.0, 0.0, 0.0], 0.7112890218584305)
([0.0, 0.0, 0.0, 0.0], 0.7112890218584305)
([0.0, 0.0, 1.0, 0.0], 0.7114223234890097)
([0.0, 0.0, 0.0, 0.0], 0.7112890218584305)
([0.0, 0.0, 0.0, 0.0], 0.7112890218584305)
([0.0, 0.0, 0.0, 0.0], 0.7112890218584305)
([0.0, 0.0, 0.0, 0.0], 0.7112890218584305)
([0.0, 0.0, 0.0, 0.0], 0.6953946554086884)
([0.0, 0.0, 0.0, 0.0], 0.6953946554086884)
([0.0, 0.0, 0.0, 0.0], 0.6953946554086884)
([0.0, 0.0, 0.0, 0.0], 0.6953946554086884)
([0.0, 0.0, 0.0, 0.0], 0.6953946554086884)
([0.0, 0.0, 1.0, 0.0], 0.6955040788093866)
([0.0, 0.0, 0.0, 0.0], 0.6953946554086884)
([0.0, 0.0, 1.0, 0.0], 0.6955040788093866)
([0.0, 0.0, 0.0, 0.0], 0.6953946554086884)
([0.0, 0.0, 0.0, 0.0], 0.6953946554086884)
([0.0, 0.0, 0.0, 0.0], 0.6953946554086884)
([0.0, 0.0, 0.0, 0.0], 0.6953946554086884)
([0.0, 0.0, 0.0, 0.0], 0.6953946554086884)
([0.0, 0.0, 0.0, 0.0], 0.6953946554086884)
([0.0, 0.0, 0.0, 0.0], 0.6953946554086884)
([0.0, 0.0, 0.0, 0.0], 0.6953946554086884)
([0.0, 0.0, 0.0, 0.0], 0.6953946554086884)
([0.0, 0.0, 0.0, 0.0], 0.6953946554086884)
([0.0, 0.0, 0.0, 0.0], 0.6953946554086884)
([0.0, 0.0, 0.0, 0.0], 0.6953946554086884)
([0.0, 0.0, 0.0, 0.0], 0.6953946554086884)
([0.0, 0.0, 0.0, 0.0], 0.6953946554086884)
([0.0, 0.0, 0.0, 0.0], 0.6953946554086884)
([0.0, 0.0, 0.0, 0.0], 0.7169179963214498)
([0.0, 0.0, 0.0, 0.0], 0.7169179963214498)
([0.0, 0.0, 0.0, 0.0], 0.7169179963214498)
([0.0, 0.0, 0.0, 0.0], 0.7169179963214498)
([0.0, 0.0, 0.0, 0.0], 0.7169179963214498)
([0.0, 0.0, 0.0, 0.0], 0.7169179963214498)
([0.0, 0.0, 0.0, 0.0], 0.7169179963214498)
([0.0, 0.0, 0.0, 0.0], 0.7169179963214498)
([0.0, 0.0, 0.0, 0.0], 0.7169179963214498)
([0.0, 0.0, 0.0, 0.0], 0.7169179963214498)
([0.0, 0.0, 0.0, 0.0], 0.7169179963214498)
([1.0, 1.0, 4.0, 0.0], 0.41664199968302645)
([0.0, 0.0, 0.0, 0.0], 0.7169179963214498)
([0.0, 0.0, 0.0, 0.0], 0.7169179963214498)
([0.0, 0.0, 0.0, 0.0], 0.7169179963214498)
([0.0, 0.0, 0.0, 0.0], 0.7169179963214498)
([0.0, 0.0, 0.0, 0.0], 0.7169179963214498)
([0.0, 0.0, 0.0, 0.0], 0.7169179963214498)
([0.0, 0.0, 0.0, 0.0], 0.7169179963214498)
([0.0, 0.0, 0.0, 0.0], 0.7169179963214498)
([0.0, 0.0, 0.0, 0.0], 0.7169179963214498)
([0.0, 0.0, 0.0, 0.0], 0.7169179963214498)
([0.0, 0.0, 0.0, 0.0], 0.7169179963214498)
([0.0, 0.0, 0.0, 0.0], 0.7169179963214498)
([0.0, 0.0, 0.0, 0.0], 0.7169179963214498)
([0.0, 0.0, 0.0, 0.0], 0.7169179963214498)
([0.0, 0.0, 0.0, 0.0], 0.7169179963214498)
([0.0, 0.0, 1.0, 0.0], 0.7169908075812645)
([0.0, 0.0, 0.0, 0.0], 0.7169179963214498)
([0.0, 0.0, 0.0, 0.0], 0.7169179963214498)
([0.0, 0.0, 0.0, 0.0], 0.7169179963214498)
