([2.0, 0.0, 1.0, 0.0], 0.9136494121895712)
([5.0, 4.0, 1.0, 0.0], 0.8766790441726281)
([0.0, 1.0, 0.0, 0.0], 0.8740698369931319)
([1.0, 0.0, 0.0, 0.0], 0.8740330834508163)
([0.0, 1.0, 0.0, 0.0], 0.8740698369931319)
([0.0, 1.0, 0.0, 0.0], 0.8740698369931319)
([1.0, 0.0, 0.0, 0.0], 0.8740330834508163)
([0.0, 1.0, 1.0, 0.0], 0.8469457931870852)
([1.0, 2.0, 0.0, 0.0], 0.9630170807246743)
([1.0, 0.0, 0.0, 0.0], 0.8740330834508163)
([1.0, 0.0, 0.0, 0.0], 0.8669495919436931)
([2.0, 0.0, 1.0, 0.0], 0.9203957597578859)
([0.0, 1.0, 0.0, 0.0], 0.8670029586235937)
([0.0, 1.0, 0.0, 0.0], 0.8670029586235937)
([4.0, 0.0, 0.0, 0.0], 0.8670618283382896)
([1.0, 0.0, 1.0, 0.0], 0.867038358318783)
([5.0, 1.0, 0.0, 0.0], 0.8716685626030811)
([1.0, 0.0, 1.0, 0.0], 0.8708265622208837)
([2.0, 1.0, 1.0, 1.0], 0.9224613196073711)
([1.0, 0.0, 0.0, 0.0], 0.870792442161062)
([2.0, 0.0, 2.0, 0.0], 0.8984762884271562)
([0.0, 2.0, 2.0, 0.0], 0.9403203951924926)
([1.0, 0.0, 0.0, 0.0], 0.870792442161062)
([0.0, 1.0, 0.0, 0.0], 0.8707576069175836)
([2.0, 0.0, 1.0, 0.0], 0.9262439321183467)
([0.0, 1.0, 0.0, 0.0], 0.8707576069175836)
([1.0, 2.0, 2.0, 0.0], 0.9263942457971974)
([0.0, 1.0, 0.0, 0.0], 0.8707576069175836)
([2.0, 1.0, 0.0, 0.0], 0.9520085675785324)
([0.0, 1.0, 0.0, 0.0], 0.8821280950642093)
([2.0, 0.0, 1.0, 0.0], 0.9337093433444138)
([1.0, 0.0, 2.0, 0.0], 0.8396765569731328)
([0.0, 1.0, 0.0, 0.0], 0.8821280950642093)
([2.0, 2.0, 2.0, 0.0], 0.8953643874347584)
([0.0, 1.0, 0.0, 0.0], 0.8821280950642093)
([2.0, 2.0, 3.0, 0.0], 0.9009205141390744)
([2.0, 1.0, 0.0, 0.0], 0.9520085675785324)
([1.0, 0.0, 0.0, 0.0], 0.8821244901871316)
([1.0, 0.0, 0.0, 0.0], 0.8821244901871316)
([0.0, 1.0, 1.0, 0.0], 0.8822036155504386)
([1.0, 0.0, 0.0, 0.0], 0.8821244901871316)
([1.0, 0.0, 0.0, 0.0], 0.8821244901871316)
([4.0, 2.0, 0.0, 0.0], 0.8881971007419642)
([0.0, 1.0, 0.0, 0.0], 0.8821280950642093)
([0.0, 1.0, 0.0, 0.0], 0.8651375207548463)
([2.0, 0.0, 1.0, 2.0], 0.910033832797034)
([0.0, 4.0, 0.0, 0.0], 0.8831615759210957)
([1.0, 0.0, 0.0, 0.0], 0.8651523280670376)
([1.0, 0.0, 2.0, 0.0], 0.6917335648469226)
([1.0, 0.0, 0.0, 0.0], 0.8651523280670376)
([1.0, 0.0, 0.0, 0.0], 0.8651523280670376)
([6.0, 2.0, 0.0, 0.0], 0.8692658447331927)
